
161318055           152                 100                 bb1528              

161513022           96                  58                  c11494              

171610014           108                 59                  c16e28              

171625051           85                  85                  c16e44              

181213016           153                 89                  bb1508              

181612017           101                 55                  c16e24              

181916025           107                 93                  c16e40              

182020288           160                 16                  bb1534              

191213001           177                 100                 bb14f4              

191213002           177                 97                  bb14f8              

191213005           188                 56                  bb14fc              

191213012           101                 84                  c16e20              

191213012           152                 94                  bb6db4              

191213012           35                  55                  bb6db8              

191213013           104                 59                  c16e30              

191216051           133                 53                  bb6dcc              

191713018           107                 100                 c16e3c              

200201031           80                  75                  bb6dd8              

200201036           164                 41                  bb6dd4              

200201054           118                 68                  bb6ddc              

200201588           53                  93                  bb152c              

200202001           102                 100                 c16e54              

200202002           106                 25                  c114a0              

200202009           33                  90                  bb151c              

200202010           88                  91                  bb150c              

200202013           111                 100                 c16e48              

200202017           113                 99                  bb6dbc              

200202017           211                 56                  bb1510              

200202022           22                  78                  bb1500              

200202031           115                 63                  c16e38              

200202032           146                 85                  bb1524              

200202035           135                 68                  bb1514              

200202048           103                 99                  c16e1c              

200202051           109                 45                  c16e2c              

200202058           105                 99                  c16e18              

200202063           92                  91                  bb1538              

200202066           180                 98                  bb1520              

200202068           112                 25                  c16e4c              

200202078           159                 100                 bb6dc0              

200202078           169                 86                  bb1518              

200202081           105                 69                  bb6de0              

200202085           111                 89                  c11498              

200202096           54                  100                 c114a4              

200202098           101                 100                 c16e14              

200202098           125                 60                  c16e50              

200202099           210                 65                  bb6dc4              

200202102           100                 19                  bb6dc8              

200202199           168                 12                  bb1504              

210204509           105                 89                  c16e34              

212202054           151                 100                 bb6dd0              
